12
21
4
-2
3
7
13
-107
9
12
7
4
-60
-5
5
22
-9
2
-1
-23
8
23
5
19
41
-12
0
6
1
9
7
6
15
-3
2
5
5
5
98
19
9
3
6
87
6
11
51
3
64
17
12
6
51
26
-4
4
1
-7
0
3
17
23
101
4
-8
8
-4
7
15
1
5
29
-79
-38
-3
7
3
30
-126
10
6
52
34
-80
-61
30
5
-3
4
-204
46
27
-12
15
7
3
-6
0
-117
8
-40
28
-4
98
23
7
-5
-21
25
-4
88
-50
3
6
6
29
-17
4
3
-108
6
161
5
-13
21
134
4
20
11
16
4
5
37
5
-2
19
132
0
-63
1
-1
30
30
5
5
-4
19
42
-27
104
171
-3
-37
-2
-3
21
45
2
13
5
-4
50
9
3
9
4
10
54
9
7
11
7
-4
0
2
5
3
11
-30
8
-49
7
48
10
16
63
17
-8
6
-18
-8
-8
25
-24
-3
5
3
8
-26
38
8
2
-16
-5
-1
2
91
16
3
-31
-1
-2
-25
9
-37
-68
26
4
-4
3
9
53
4
24
5
37
8
6
7
27
5
-8
0
3
5
3
3
0
1
23
33
2
97
-7
44
-72
13
26
4
8
5
11
9
10
-23
3
14
8
6
43
260
49
4
170
117
3
6
19
19
-202
0
1
6
7
6
6
-50
61
4
8
15
5
15
1
-1
-4
-8
3
4
4
-9
21
19
-11
0
30
2
47
-2
169
11
-1
15
-1
14
4
14
22
-6
6
4
20
98
51
20
-14
16
73
5
12
25
-24
-16
10
2
13
9
11
64
33
38
-7
35
50
3
7
20
23
146
3
43
8
58
16
6
0
5
8
75
13
32
30
14
-23
7
5
26
11
7
0
-1
8
3
22
5
-18
-35
64
3
9
73
90
12
32
-27
-20
17
-15
22
15
7
18
-17
82
58
32
3
-17
13
14
6
55
42
29
-8
17
-5
11
141
-87
45
6
-6
41
11
8
18
77
11
-31
-6
14
4
3
3
29
-1
3
9
5
34
3
13
14
0
32
15
29
8
12
18
68
-286
32
-18
-17
28
4
7
3
3
85
-11
-2
13
146
1
-14
2
5
25
64
35
15
75
1
12
34
-6
1
72
31
-47
338
55
39
30
0
8
178
-19
0
29
-258
-91
112
24
229
-20
-92
11
2
-38
4
7
7
10
3
-1
5
-10
8
-6
16
-10
-88
17
-30
34
-10
-3
9
-14
1
0
5
5
19
10
9
15
1
8
-7
-50
14
5
17
-69
6
27
73
82
294
-68
-2
35
24
2
2
66
30
5
29
5
12
-27
8
37
16
20
3
6
4
188
7
113
18
19
29
7
3
0
5
4
49
74
1
4
0
6
9
12
6
34
3
-1
-16
-4
-3
-4
4
10
6
-53
4
25
26
15
2
6
16
15
31
2
67
5
6
-5
-101
-19
11
2
24
3
-10
191
-9
25
-13
8
5
25
12
13
7
2
4
12
-6
9
6
6
43
-3
23
-1
6
30
-1
2
4
5
11
0
15
-6
153
7
-144
-10
49
40
31
14
42
5
5
24
3
7
-13
18
11
27
9
-10
11
11
-43
13
115
13
-1
7
-3
-13
6
8
-8
21
-43
8
162
2
1
11
13
-15
14
18
25
10
7
36
2
45
2
10
8
-7
-19
48
1
17
0
2
-36
14
26
5
14
15
71
73
13
9
4
-12
2
4
32
24
-144
-4
-1
4
-2
6
49
18
0
8
41
-18
12
10
-34
-1
6
2
2
10
-8
9
0
-18
51
6
6
-75
-2
-4
5
-2
4
26
6
2
16
-9
-58
10
-7
-2
-9
-29
-2
9
7
-30
-56
-123
-15
-64
-9
54
-32
26
-63
22
5
26
11
-44
13
6
4
43
241
31
3
14
15
39
52
98
4
8
-4
3
-8
146
-12
8
-3
-15
105
-12
-51
-5
22
5
12
0
-19
13
-12
22
22
-12
7
-15
22
-2
8
26
-7
5
-5
163
8
0
13
0
9
7
-3
120
8
-4
10
-18
14
12
25
24
1
-30
37
0
11
50
-1
2
19
0
3
10
3
21
70
9
14
13
2
-5
10
-4
11
-5
5
-14
-2
14
-8
22
11
-4
1
25
21
14
111
34
23
11
2
5
282
9
14
28
3
17
-2
-4
10
13
26
7
62
-18
2
32
9
2
47
124
8
158
-6
-5
101
1
36
10
9
10
108
29
1
6
-3
48
3
18
-13
-8
67
-1
41
3
6
2
0
2
5
-11
6
2
30
3
8
9
3
-6
-11
15
7
-5
17
3
1
-4
6
9
-24
16
-3
2
13
0
-2
-5
-1
6
27
1
190
-2
32
-1
12
16
24
23
98
4
8
141
27
15
17
240
15
12
52
-16
-9
7
12
17
7
-30
-24
11
4
0
7
8
9
14
-5
7
21
-19
0
4
-4
6
-15
-34
42
3
0
15
8
24
13
-22
-9
13
-19
11
19
5
10
-6
212
-77
5
11
48
12
2
33
-10
36
72
48
0
12
6
-8
8
20
-4
6
10
7
8
-37
8
137
3
3
0
12
6
9
8
27
12
3
13
195
8
-15
3
-7
-1
4
58
2
3
21
8
13
6
9
5
164
160
41
-1
-54
28
-12
-9
21
-50
9
143
-2
1
8
-2
11
18
3
5
66
3
19
109
36
20
7
30
2
15
38
5
-5
108
-49
39
52
1
7
49
12
-7
20
-2
32
1
5
14
30
7
8
0
12
-1
16
1
0
3
17
-6
10
36
18
38
0
15
8
-3
17
17
12
62
-6
23
19
13
91
2
-37
27
-23
268
9
1
4
151
4
40
3
7
-29
10
2
1
36
-7
46
25
1
9
39
26
4
45
5
31
-17
4
4
7
-1
-6
11
5
-81
-31
8
3
9
24
2
-12
23
40
17
4
-21
2
16
14
6
13
7
13
-88
166
24
3
7
-3
2
7
31
19
15
7
11
10
10
2
8
12
-10
6
3
38
4
-8
20
17
3
8
4
33
-17
-27
3
2
-11
8
-6
18
0
7
9
1
40
15
17
12
1
14
11
5
23
32
11
51
3
7
33
7
69
3
3
3
3
8
7
86
18
3
-2
-29
-4
2
172
36
20
-2
-9
0
2
-4
65
47
3
12
14
3
-21
58
178
8
477
25
39
82
-2
190
-31
0
6
6
9
42
3
-14
-3
1
76
9
1
17
5
-1
-2
4
8
19
-1
21
-4
17
-5
6
43
-17
-11
-33
34
6
29
4
19
5
0
6
8
13
-6
11
13
59
14
27
32
12
-26
5
-39
7
15
-3
-2
26
1
11
340
6
-3
-42
13
-13
6
10
-7
-5
7
11
-9
1
224
75
14
5
9
5
13
12
-5
5
5
6
-1
51
11
2
17
40
9
1
7
7
1
26
10
-28
24
4
7
-26
0
9
47
6
5
5
-46
17
4
3
-4
26
5
-4
-7
3
10
-12
6
23
7
-7
25
9
15
-13
15
20
1
5
17
6
93
4
0
-4
-1
10
-124
34
8
23
13
-10
-10
3
21
21
-22
-34
4
7
242
-4
-1
9
71
1
-3
0
3
-49
180
20
3
14
127
4
-4
7
-2
28
-68
7
42
5
-1
12
9
85
4
-5
54
2
9
-6
-8
-5
253
14
41
-21
165
26
98
2
10
19
12
-17
414
-11
18
13
2
2
27
23
22
21
74
9
6
-11
3
176
-4
6
3
4
6
-3
19
17
23
-239
17
4
13
6
1
10
1
19
434
1
9
82
-11
70
8
10
30
26
14
2
6
-1
8
-10
1
0
1
9
6
-3
6
152
5
35
5
-116
7
4
27
5
149
56
-3
-9
56
-1
-1
302
176
0
45
27
27
-28
37
3
6
5
18
-16
35
12
12
-54
1
48
13
0
-4
0
0
2
26
5
13
10
-25
41
2
2
14
11
5
13
19
6
-3
9
-1
-2
0
8
10
3
3
-16
1
-18
16
22
8
4
0
-16
-122
37
1
7
-44
13
4
8
131
-6
5
-2
12
26
22
74
3
24
-54
8
34
180
6
25
-7
45
2
88
137
26
19
15
-32
32
-79
1
4
16
-10
39
7
60
15
14
6
27
-25
-3
3
6
-56
-16
-9
-4
4
17
3
3
1
-6
15
30
10
13
-6
22
8
107
-40
15
95
-59
60
4
-11
-26
3
38
534
16
-140
2
61
8
-107
9
102
-33
6
-28
327
36
9
214
14
97
10
5
4
8
7
-2
12
9
51
-15
4
-6
3
-32
-79
17
-2
10
-12
16
1
39
-10
-15
-6
-6
15
7
7
166
-45
1
81
5
162
8
7
1
20
-1
8
20
5
-3
4
-11
34
228
4
53
48
-8
25
18
20
-25
2
-5
36
16
26
8
11
28
-60
1
5
173
23
3
13
7
17
-5
2
10
234
15
5
4
0
215
4
0
1
1
-5
-28
7
7
6
25
20
8
23
6
13
23
-4
35
12
4
13
9
-13
13
20
14
18
145
2
0
18
20
5
14
-20
4
-19
59
7
7
37
-188
9
-20
19
50
18
3
-9
-3
65
11
134
-7
-1
35
-14
36
16
-28
1
2
0
10
-9
13
-10
3
18
4
0
8
10
6
-16
235
-1
17
7
5
-11
-8
-26
1
-36
13
35
26
8
44
6
4
2
25
0
3
7
20
169
-15
-51
34
8
-8
-2
16
2
5
1
11
-7
35
-1
12
-11
53
9
43
24
7
0
0
16
5
85
43
-5
-3
-3
-1
3
3
-4
6
34
29
3
4
-1
5
6
4
8
5
3
54
17
9
-30
70
6
-30
-16
33
-25
7
12
24
-9
12
139
29
-60
19
52
4
1
8
42
23
15
48
5
15
26
8
7
19
0
17
7
5
13
-9
24
-21
2
12
-9
3
2
61
22
37
23
15
-48
26
5
7
4
6
-23
14
1
78
0
8
-30
0
-19
4
13
167
2
14
1
10
6
7
24
3
-9
3
83
15
9
3
20
6
1
-33
14
6
0
6
12
2
3
29
-2
19
9
115
5
17
31
23
18
4
1
77
74
22
80
-4
5
-60
-3
3
5
24
19
-4
6
4
8
6
4
-29
5
63
-1
-20
45
6
-30
-52
1
5
39
137
5
0
0
2
-1
1
8
15
-2
37
6
-2
-13
35
14
-17
9
6
8
52
5
-6
-7
17
11
39
-49
8
-71
7
19
6
6
14
-32
5
11
-15
-4
4
26
0
5
7
-8
-56
21
-46
2
22
10
2
3
35
3
-25
6
15
48
48
-8
-5
3
-3
7
46
6
-19
96
15
20
4
38
7
3
19
-84
-40
26
-9
-24
2
2
0
17
22
2
-15
8
25
7
4
18
7
36
8
2
43
23
0
30
19
3
34
1
8
-5
-5
3
12
13
7
46
0
-60
155
11
45
30
8
-4
50
52
6
8
25
2
5
-5
2
151
8
2
1
-3
74
38
9
313
-5
14
56
-28
48
6
-21
4
20
-72
36
18
12
6
69
-5
6
0
19
11
-8
312
144
34
8
8
6
-216
21
3
-15
5
127
50
9
-1
14
26
19
1
-2
6
69
8
1
-1
17
5
8
5
7
5
6
12
6
0
37
-6
8
2
13
1
21
3
-9
-3
8
33
4
1
-2
6
-1
2
0
0
25
0
7
4
-3
4
8
10
5
0
20
0
-3
4
5
14
-17
4
7
51
10
-24
9
8
46
9
22
6
5
40
19
103
3
44
41
7
1
13
9
2
12
-53
4
6
4
6
10
30
0
3
11
-10
6
-15
12
10
16
3
-10
67
0
85
-124
24
16
-8
-6
20
359
16
13
76
-18
3
4
12
-6
5
-49
31
-2
-33
-33
12
104
10
8
30
0
-16
171
2
6
27
15
9
12
47
3
19
-39
29
-2
4
11
-6
-25
30
9
-9
-3
-7
-2
14
10
10
17
27
0
10
30
16
-5
26
7
47
71
44
-5
4
5
2
-8
2
5
10
-8
5
109
-11
-2
-5
60
11
-20
-26
-27
38
8
122
17
73
-16
6
6
135
21
2
20
17
9
6
9
102
8
28
-6
-35
-123
35
29
58
38
31
14
3
-1
34
-8
11
3
89
244
28
5
23
17
-5
34
27
0
4
3
2
-48
16
-1
2
6
11
9
-27
4
27
0
7
-5
0
141
7
19
1
-10
40
-3
21
2
128
20
407
19
-9
-31
85
0
32
9
9
-9
-6
-18
9
2
8
1
37
1
0
7
3
-22
5
29
-2
67
-2
-104
-8
-95
8
12
3
22
2
7
-7
13
7
4
9
5
-13
16
8
11
-1
12
17
-8
2
-1
1
-6
9
1
20
92
10
6
17
9
1
-5
69
14
47
2
-1
34
9
31
-43
-4
47
-13
28
-21
2
39
38
46
6
111
43
-55
212
-8
8
-20
153
25
-5
13
159
10
11
12
5
85
-1
17
5
13
16
19
2
-11
9
11
4
31
1
22
16
6
0
3
54
0
3
22
11
-27
72
8
3
3
31
19
6
3
9
6
12
3
12
13
5
3
-2
36
42
6
36
-47
6
-1
6
11
34
40
23
-15
-27
2
1
0
17
10
6
9
2
3
7
4
9
0
9
5
3
2
12
29
93
8
10
161
18
-6
19
13
54
10
5
-2
170
24
130
7
4
2
52
-23
-28
26
-54
-36
267
131
13
3
-21
11
-2
9
-3
2
9
11
3
52
9
4
5
24
5
3
3
8
35
1
7
23
6
-22
26
27
16
22
25
202
0
8
-51
13
11
17
4
36
4
-1
7
-3
88
7
5
22
14
4
11
7
11
13
20
7
45
12
10
-6
5
5
1
11
9
17
7
4
13
23
2
8
11
0
4
15
7
4
14
8
8
3
9
-5
12
34
61
37
4
43
31
65
15
12
-7
-1
-6
95
33
16
13
12
129
17
13
3
140
92
1
7
0
5
23
105
15
15
18
-36
34
-40
19
18
-77
3
43
0
36
2
3
6
8
-15
6
11
9
3
1
9
5
2
19
32
7
10
4
3
7
10
5
-2
1
7
-6
13
-2
58
1
-9
75
7
3
31
10
2
2
11
4
4
-16
18
28
14
22
7
-2
28
74
0
14
-9
14
280
5
-5
-5
77
12
10
54
-10
18
24
2
4
3
3
-4
0
3
210
4
10
27
1
-7
-16
6
3
20
13
12
-13
4
4
-2
2
6
7
-15
6
0
28
-9
-28
3
33
4
51
117
18
10
2
15
-6
1
4
20
20
3
79
24
4
3
16
39
36
9
29
-12
17
3
50
17
-5
8
1
-18
63
3
8
26
43
5
-2
-148
7
16
-47
73
124
8
20
8
6
49
-69
-12
6
20
35
0
34
5
27
-44
11
2
-8
7
1
12
18
26
5
12
-3
22
-17
-24
3
-3
96
17
5
-1
93
-8
10
3
-2
-11
-11
-1
7
20
8
25
1
6
29
-3
35
8
-152
16
2
36
-8
64
33
-105
-4
-39
0
4
10
4
8
-10
1
24
3
-38
-2
3
290
4
3
6
32
9
-9
20
9
5
103
6
10
7
32
-18
9
7
8
16
17
-29
11
16
3
2
19
7
-7
2
9
-16
27
1
-2
15
1
6
-61
-4
6
14
50
29
6
-9
6
18
16
-1
56
5
24
5
13
0
4
69
-1
0
9
11
-8
-28
13
7
19
1
11
-2
-16
8
-1
-37
6
10
9
-6
1
2
5
-4
6
226
-4
10
-1
6
16
17
-53
33
52
11
103
39
9
240
-6
-17
16
18
13
-1
41
-3
6
6
0
9
5
-7
7
0
2
1
6
49
111
259
0
-18
16
-4
21
12
7
-19
14
-10
7
10
-7
17
9
2
-3
92
14
2
20
5
8
-7
-19
9
126
6
-11
-39
30
3
20
101
6
-7
5
-5
31
12
-10
2
13
16
74
12
1
37
19
-16
82
187
0
-7
38
12
44
7
10
9
15
8
8
0
13
11
4
4
169
-5
38
281
23
4
27
17
9
8
6
15
7
10
4
6
89
-2
19
17
2
-2
19
7
7
-3
8
-10
4
15
0
-8
5
-49
4
17
5
-12
45
7
-9
30
15
42
24
18
15
36
0
22
12
5
-4
5
3
30
19
-2
20
11
13
-1
4
3
-1
-10
1
-6
-4
13
22
137
8
3
-2
2
-21
11
8
3
37
4
4
-16
1
17
-5
5
-6
29
16
5
-12
0
3
2
-35
2
6
4
8
2
13
26
1
25
-9
16
-8
11
13
12
17
64
6
48
-1
2
14
18
630
5
11
234
25
40
73
9
5
19
-14
99
9
19
9
3
-5
-96
35
15
19
16
36
5
68
-33
11
2
9
6
0
8
10
4
1
15
5
-12
34
15
2
124
-9
2
16
4
50
30
15
5
-9
-9
26
5
122
5
29
-9
21
16
4
2
70
39
3
-6
41
4
8
-6
-4
-14
-3
291
4
-39
-5
24
6
4
6
5
8
2
12
16
6
6
-9
7
1
4
6
6
57
9
5
3
32
1
25
48
11
0
0
-3
5
15
5
-3
41
11
21
124
11
4
-30
-17
14
6
22
18
58
180
-48
9
23
5
20
5
1
19
18
224
-9
63
-3
-7
-2
6
37
8
7
10
-4
-12
18
0
7
38
30
32
1
7
3
71
63
75
56
3
25
7
5
0
12
7
16
-1
9
-7
2
18
15
7
42
43
3
1
9
-7
-78
15
1
6
1
11
6
16
-11
13
38
23
5
-49
8
7
89
38
-7
3
14
84
57
-2
44
37
14
-1
15
20
3
10
-14
0
-22
-7
441
24
-5
6
22
145
2
-39
14
7
-2
-12
15
26
2
8
6
14
39
17
5
3
65
4
-8
26
10
27
2
26
1
26
13
4
9
11
10
12
63
-1
41
2
8
-1
2
3
16
2
30
7
4
6
21
-4
12
1
4
-1
15
-18
4
-26
1
14
1
4
2
33
-26
4
3
55
22
0
9
1
11
7
5
12
71
2
9
13
24
6
1
-14
4
7
5
-4
6
12
4
-8
-8
9
-60
7
9
14
-1
10
5
29
-32
54
4
4
-5
9
4
-17
5
22
66
42
2
38
7
4
0
42
5
92
7
-1
13
9
3
0
-3
45
20
28
6
56
5
9
7
48
-3
16
8
4
6
23
4
12
5
7
8
2
1
3
7
4
6
7
-27
-29
-31
-5
2
0
35
62
27
11
-44
8
-17
24
2
-12
68
-5
20
1
12
60
30
9
9
0
12
11
11
9
-4
123
18
-5
5
40
-1
28
48
6
3
5
-72
5
3
-5
23
24
5
9
7
6
4
6
1
30
-16
10
34
8
8
6
22
93
25
42
6
11
25
14
167
41
20
31
3
22
25
14
-1
-11
-14
13
85
30
18
553
6
2
3
1
0
-18
23
-3
27
42
-34
36
26
48
11
12
0
6
62
-25
15
9
10
4
9
-31
-1
8
-6
-4
8
41
15
10
14
10
5
6
4
8
1
1
9
89
20
3
26
-7
9
5
0
4
9
6
10
17
22
44
28
42
12
5
0
33
-1
22
46
-3
-8
24
-32
13
9
5
0
276
85
3
20
18
16
19
6
-57
21
4
44
28
1
151
11
-4
-9
59
20
-47
6
64
-2
13
-11
30
17
12
-39
8
2
19
2
11
4
-18
-4
11
24
-17
-3
1
3
11
25
7
9
1
13
-2
3
15
0
13
29
-4
19
0
1
11
5
5
58
3
7
5
40
13
8
271
8
-38
-8
13
11
3
8
4
2
-30
-5
60
6
3
5
14
6
5
49
51
6
6
-38
7
2
2
-19
4
4
-6
36
-1
10
21
15
11
15
-36
-26
-26
180
4
23
2
-42
-2
8
28
14
10
9
6
34
10
-4
30
56
40
17
8
30
14
9
-3
6
-6
33
1
1
11
0
7
-13
6
22
48
7
4
3
-5
2
78
-3
9
66
16
-8
0
10
1
-13
5
6
5
6
8
-44
20
-1
14
6
55
4
5
21
-34
-122
0
4
81
16
16
19
8
39
1
15
160
12
-82
4
21
4
20
13
1
22
17
8
-63
7
6
2
9
10
9
5
7
5
8
2
-2
27
-4
-1
1
64
5
13
-58
21
101
-14
-29
2
47
1
-95
17
-11
36
-13
22
14
154
3
17
12
12
11
5
-2
6
6
19
11
7
34
24
46
1
10
-95
29
18
108
13
27
-41
9
83
5
6
6
7
26
144
8
13
-59
1
24
7
-5
1
25
25
-14
11
37
7
33
24
215
-1
-110
8
10
6
-93
2
-161
1
16
23
21
17
7
215
18
27
4
20
47
1
0
3
6
7
8
20
8
5
25
6
9
-2
78
-4
9
6
5
7
-2
-3
25
6
-35
74
6
-36
1
3
2
2
14
-47
-8
4
0
7
7
7
18
9
37
82
68
4
116
6
-5
6
-8
-1
25
213
17
27
8
4
24
-4
15
36
12
11
92
9
7
-5
2
0
2
10
0
4
4
3
4
10
2
6
64
4
6
5
11
-1
7
35
6
-9
15
23
10
63
5
23
6
2
14
-6
-64
18
16
23
-7
37
3
7
59
23
4
16
-45
18
33
90
5
24
23
7
1
40
5
-3
14
15
15
37
29
11
70
32
-11
-13
-13
7
111
118
14
92
14
-4
13
32
10
5
9
19
9
11
-1
10
3
8
36
23
4
1
-2
5
9
12
44
0
17
5
119
8
49
-24
-14
-10
60
0
5
4
2
17
7
6
15
72
5
6
-10
17
1
25
75
-15
9
11
6
18
10
42
27
32
30
24
2
13
57
33
2
46
80
13
12
2
17
9
4
16
23
-103
2
7
33
-83
13
14
7
6
-52
9
2
21
2
-23
-5
-101
40
-10
54
41
13
34
-6
51
23
17
-61
5
7
5
-14
2
20
-5
72
3
82
9
30
10
-3
-6
-2
10
1
20
320
9
7
4
1
23
19
-41
7
39
1
7
3
17
12
-1
11
12
39
2
8
8
56
13
0
19
-2
18
1
1
13
43
2
18
4
-1
-19
24
9
19
-73
26
14
-18
9
-6
6
41
10
21
4
8
9
-4
8
43
8
2
10
9
242
105
94
4
61
4
2
-29
-2
2
7
13
30
25
0
2
1
29
8
1
11
0
7
29
-4
112
20
9
19
-90
11
9
24
12
-47
-7
6
16
6
4
-6
11
18
4
3
-46
-1
6
69
-10
11
4
39
10
7
3
83
14
8
10
34
50
10
0
4
1
-1
25
21
0
28
7
2
6
16
5
23
2
8
5
0
2
6
8
40
-3
40
9
35
15
13
43
-9
23
-43
-3
28
38
6
-1
52
-18
9
1
-5
-2
241
22
49
9
11
21
-1
24
-5
8
10
2
8
12
8
37
-7
1
1
162
-3
6
10
6
18
8
5
7
6
2
-3
6
94
-9
2
2
-2
3
7
5
14
6
-57
5
11
-120
-44
-72
1
33
65
25
42
14
210
24
0
8
5
27
76
18
28
19
-5
0
20
-42
-4
43
9
397
116
21
2
6
1
0
1
8
53
-3
40
16
10
8
43
19
3
17
4
1
8
9
3
17
4
21
44
-92
15
8
-1
24
32
4
-1
13
-72
3
36
8
59
5
-7
1
-3
6
-65
-35
26
19
6
14
26
20
0
7
8
10
15
35
43
13
-1
10
10
7
57
18
-46
-6
6
69
15
13
9
6
18
40
31
85
13
3
3
29
6
7
43
111
9
-6
3
51
104
0
17
5
16
6
-11
87
-16
5
16
64
18
10
14
-5
12
-11
15
-23
-28
8
35
-43
4
14
13
-39
13
2
5
6
32
-1
3
-6
52
32
-8
8
26
3
35
15
4
23
5
23
18
7
-1
0
182
3
2
3
8
26
-1
35
5
-9
18
0
13
15
-24
8
19
21
2
7
21
0
2
-5
14
614
48
65
13
0
4
6
6
-22
7
-4
4
-3
116
6
1
-1
-3
57
-5
-1
18
18
23
-51
7
69
2
19
69
18
18
21
20
3
12
6
7
-6
8
4
3
7
16
2
3
4
12
9
13
4
38
-1
204
17
154
28
-4
3
3
-22
10
21
22
4
6
8
6
-3
16
7
0
0
12
144
94
-11
9
21
9
-2
23
1
40
30
-26
4
26
383
6
141
-4
-8
-4
3
37
28
160
17
-33
2
-8
7
10
5
-2
5
-43
8
-11
1
1
61
40
10
14
-18
52
-3
4
4
11
4
0
59
-1
2
16
26
14
73
8
21
79
11
18
34
-20
6
17
7
8
-3
2
6
8
75
-8
9
14
0
71
8
24
-3
36
87
13
22
-13
3
-5
17
5
-2
-32
9
7
13
-9
4
35
-6
2
9
6
9
2
12
-2
-3
-2
9
18
2
10
38
40
10
6
40
5
4
8
-56
13
5
-9
7
-2
33
15
19
1
-3
-63
15
6
157
14
5
4
18
5
-5
4
-30
10
13
9
430
22
102
21
13
53
9
5
6
-3
7
5
7
10
483
10
5
2
-1
10
14
5
-5
25
31
3
7
-9
11
-17
13
31
-4
79
-12
10
343
6
-9
5
10
88
41
1
-29
6
17
2
12
32
9
-4
43
5
6
4
8
147
-9
14
5
6
9
-1
21
166
4
6
4
30
5
4
-4
9
-4
-6
8
-7
28
2
12
6
4
48
10
2
31
5
24
6
5
77
38
8
-37
15
5
31
54
0
34
-2
20
-40
7
1
11
290
1
7
11
-23
4
4
60
17
5
9
8
-17
-47
3
8
-2
23
24
19
43
-181
3
4
21
9
13
272
-6
2
0
2
18
12
12
4
13
3
21
6
2
3
114
4
45
-3
28
-13
80
3
3
10
-19
3
-9
-1
6
15
25
7
5
8
11
-8
29
-3
27
18
4
4
13
6
5
275
0
29
-7
1
-27
13
11
48
141
11
31
19
4
7
3
7
10
28
-4
2
11
22
2
5
2
37
33
-5
33
-1
11
0
6
-4
4
8
5
9
5
8
12
26
10
-6
-1
81
14
9
10
5
13
10
17
8
40
6
31
6
50
4
4
24
4
16
-15
77
3
-3
-8
1
1
4
-36
-1
23
13
-11
9
0
22
-3
7
-3
17
-2
61
330
37
49
6
-6
7
19
24
3
-36
7
32
6
9
54
32
17
3
15
7
-10
42
8
-14
308
7
9
20
-25
19
14
-23
22
8
161
5
1
-4
82
9
29
2
0
12
27
-8
16
0
31
7
30
-8
7
20
38
6
-8
11
-2
42
7
1
8
250
13
-61
17
123
173
-88
-115
-21
9
2
17
0
46
61
11
26
197
5
-7
10
11
10
9
51
-120
11
20
7
15
-24
0
0
1
23
22
17
4
5
5
3
1
10
-33
-4
0
28
7
-6
0
7
0
6
8
-2
1
-16
34
22
65
-15
1
2
3
4
-5
-1
2
-19
0
9
-7
15
18
8
136
8
39
10
28
178
49
21
8
-4
75
16
14
-1
15
4
6
20
7
0
2
5
15
51
-15
23
51
20
17
13
44
-18
23
9
18
19
-51
33
15
43
16
7
4
-19
502
-19
-19
5
16
14
-32
1
40
3
1
-32
71
222
18
84
23
4
40
-65
-1
-5
13
6
12
12
27
32
11
49
22
12
13
-2
9
15
4
-2
1
46
2
-8
29
7
15
-3
18
2
29
36
194
21
6
26
4
6
18
4
7
26
145
14
-10
23
-1
27
117
11
-54
9
22
58
5
9
52
-6
7
99
174
6
-12
-8
29
-60
5
49
53
2
27
-1
42
1
12
62
0
26
5
3
2
6
-4
104
5
6
16
2
11
-34
0
-133
-6
1
-2
13
1
-86
5
5
-1
18
-86
9
6
-6
19
11
10
7
35
56
-6
11
7
24
8
21
-64
-10
9
3
5
-6
42
9
53
18
98
14
5
-9
14
-5
18
0
17
56
21
4
52
13
24
4
2
11
-11
64
-10
-34
84
2
9
7
33
77
10
3
-3
16
50
3
43
7
-18
17
9
5
-3
13
66
7
-3
26
-2
10
1
22
3
11
40
-121
39
23
10
7
12
-33
10
-10
4
0
2
79
-32
-2
19
11
2
7
5
3
119
19
31
25
75
46
-1
6
14
1
5
12
3
176
-2
-9
24
2
-3
102
8
3
-26
28
3
3
9
-2
40
-3
5
-19
9
49
4
52
11
12
3
2
5
-57
4
-98
5
18
-16
53
1
24
13
-14
7
9
-29
6
3
3
3
8
-32
-8
7
101
-2
2
-1
31
19
5
29
-4
55
9
208
7
37
0
-6
0
2
-6
33
-2
11
5
10
-26
0
-1
7
5
3
6
2
31
6
1
-31
4
-6
15
2
-5
-9
3
5
-3
-8
9
56
75
-36
6
59
-27
4
3
9
8
13
-14
9
6
43
11
25
-50
75
21
97
10
10
27
-9
30
22
11
30
75
9
19
23
13
30
-16
5
7
24
3
39
-1
4
7
16
13
5
21
-2
3
50
7
7
7
22
28
28
-9
-53
-3
-27
1
9
47
3
56
12
5
9
8
13
70
19
1
56
15
7
0
212
30
52
11
49
14
-5
14
10
145
-2
-7
6
45
20
8
23
19
6
5
8
11
-14
1
23
3
33
1
4
6
-2
2
6
3
2
7
-3
2
-19
1
0
2
8
8
4
15
84
-15
1
-16
-3
-1
1
38
10
5
3
12
-4
12
8
1
10
4
133
2
6
5
32
6
4
73
188
3
18
26
8
7
8
-15
83
59
8
56
0
9
-1
12
-3
-118
16
92
10
1
5
11
2
26
7
2
7
8
3
-29
5
363
19
22
47
9
7
-2
-8
4
4
25
40
16
2
1
-56
-1
11
-3
3
6
9
5
11
-85
-8
-1
12
126
5
35
-11
2
9
-157
112
-5
4
-15
16
16
100
144
9
10
31
3
2
5
-3
4
3
6
5
12
5
36
-2
15
-43
4
-26
-19
10
9
21
14
45
10
13
0
0
18
9
-20
4
-13
6
8
3
-88
8
1
40
-13
23
-3
12
2
-14
-51
5
-5
-19
33
3
49
1
39
14
-10
49
7
2
38
6
4
-11
7
2
12
3
0
24
87
5
12
1
-48
3
11
-21
21
7
-9
1
-16
-9
30
3
7
-2
3
23
9
12
2
7
-1
3
25
9
9
3
-2
10
-39
-33
5
12
0
-24
62
1
11
11
15
179
-8
-34
9
92
8
20
21
-32
-3
-2
6
38
-11
15
3
11
4
5
-12
7
17
36
19
2
-40
8
-54
5
79
18
3
18
3
62
-47
8
1
17
-4
1
11
2
12
3
5
-1
170
7
0
44
-6
9
7
-8
-1
-41
20
24
53
121
45
-60
18
10
31
1
23
33
-3
1
23
9
22
1
17
21
1
-22
-6
50
3
2
8
9
7
13
5
7
-2
3
3
17
13
8
12
12
22
5
74
0
-11
-8
32
8
8
-2
2
100
-1
84
25
0
3
29
13
20
29
-2
2
9
-4
13
4
-1
11
11
2
9
5
2
-8
11
12
41
5
6
-5
87
8
7
4
9
3
-13
22
6
10
19
0
-3
6
12
10
25
4
6
5
2
4
-1
2
6
1
-4
9
-9
6
11
15
-6
7
76
-11
13
-32
14
92
-5
-5
3
6
-9
14
0
10
23
7
5
-19
39
32
7
19
2
0
34
8
-72
14
92
12
37
7
8
7
2
17
38
8
8
-2
-42
15
-4
2
2
7
6
-5
1
23
5
9
20
15
0
1
13
2
-2
-3
-73
61
12
22
4
-3
220
-1
21
50
21
12
82
27
5
38
18
-2
12
28
2
28
19
6
80
-2
-10
-21
7
-3
4
12
-13
8
151
3
-19
17
6
4
-5
14
8
8
-39
4
2
7
7
37
-1
5
3
0
8
7
2
-24
2
5
15
14
0
2
0
39
5
-21
-6
21
4
5
2
1
8
8
-110
12
12
20
2
6
10
64
6
0
0
25
44
-42
12
14
29
32
7
12
7
40
16
55
-8
41
2
11
12
48
8
-2
15
0
6
-2
0
6
-2
1
12
2
5
65
9
-2
15
0
-2
6
-3
31
-41
2
29
19
3
1
14
8
8
31
140
20
5
1
7
-3
7
17
1
15
1
8
18
16
3
69
1
13
9
-1
3
205
10
-1
10
6
46
33
-1
-14
-85
9
36
1
3
33
21
24
1
19
19
28
0
1
-9
26
11
13
-10
5
-1
104
11
112
19
17
4
39
27
0
-4
-4
16
1
5
60
-1
35
-32
5
24
-7
58
9
31
12
3
5
4
11
11
4
185
8
9
0
17
4
6
3
8
1
-14
49
10
20
-32
4
13
3
3
123
25
16
20
-1
9
12
1
-10
6
88
-7
31
-12
8
8
15
15
13
16
10
9
2
70
-1
-3
2
6
5
6
11
15
54
-9
16
47
50
5
3
15
3
2
9
-17
4
-5
2
98
3
-6
0
31
1
46
12
87
7
93
16
14
15
17
11
48
17
5
41
-2
2
12
30
9
-3
7
-21
8
1
2
9
8
7
12
-5
28
-6
9
4
0
12
-10
-7
35
7
6
6
10
17
10
12
4
12
-30
-28
1
5
-5
10
2
1
197
9
54
22
48
24
6
-1
54
49
-11
4
-1
418
18
6
4
17
-5
58
17
35
55
30
9
29
3
2
2
1
0
-11
171
-1
61
-3
7
51
1
12
94
2
6
3
6
7
25
5
7
0
-11
23
51
22
4
0
8
26
6
11
-98
189
-5
10
14
15
137
11
-2
-10
7
4
2
11
2
7
0
22
75
5
4
36
31
26
2
12
64
33
7
2
-18
16
1
-9
264
7
1
52
5
7
8
15
8
4
33
7
20
2
7
11
9
2
9
0
-13
-1
-1
11
6
-9
10
21
31
24
10
81
3
9
7
2
9
6
20
5
0
2
-44
3
11
1
8
-8
-2
-9
185
0
10
0
-9
29
7
9
-21
24
3
9
9
24
-2
11
-1
24
5
22
12
233
39
40
-11
7
5
-29
17
39
4
9
-4
-63
6
15
1
-1
-112
12
12
-10
2
-4
38
3
60
1
2
22
8
3
1
29
15
8
0
-27
34
23
34
5
7
5
6
2
-14
-1
19
13
-2
3
5
7
11
11
4
6
-2
4
5
2
15
4
17
0
25
-3
66
1
2
-6
88
-16
11
0
6
14
20
-23
-55
3
45
-10
22
-5
5
4
23
8
10
53
-2
90
1
44
7
118
5
65
12
115
91
71
3
13
7
17
10
2
9
56
-4
19
19
1
-7
6
14
6
10
5
-32
-5
5
11
29
-7
7
33
-3
16
-15
25
2
-1
-1
4
-4
0
5
9
1
0
7
0
4
3
3
1
-3
8
15
59
3
76
7
6
51
9
9
3
9
33
7
17
228
5
-30
40
70
7
24
20
20
8
-4
36
3
-9
47
10
1
4
4
44
25
38
506
15
-33
-75
19
27
2
6
34
3
25
4
7
-7
4
6
26
4
-38
37
332
7
195
22
2
8
4
1
7
0
30
-1
6
8
7
-62
-9
7
11
-10
3
4
12
-12
197
7
6
4
7
144
7
26
29
11
3
4
5
62
4
3
17
9
4
6
43
29
13
2
29
2
13
-4
47
6
9
2
6
14
6
-1
-6
11
4
1
5
2
0
11
16
11
1
8
23
5
24
6
34
15
22
-2
-30
6
7
4
-5
30
4
-10
23
-68
23
108
25
12
7
2
58
13
-32
5
-3
82
39
36
21
1
7
5
5
52
-6
-2
-30
27
22
7
-3
11
10
13
4
-7
8
8
6
13
4
8
1
15
14
6
7
-13
10
29
34
11
-4
9
7
-14
8
6
1
8
16
-5
72
5
22
5
21
6
9
20
2
-18
-4
11
100
3
3
9
-5
3
7
40
10
-3
7
23
18
11
-24
160
2
16
6
1
82
8
14
4
0
5
154
75
34
23
2
41
7
6
16
46
5
8
38
4
8
34
1
3
-10
-39
8
-38
21
8
-3
4
13
367
3
-12
-29
-9
-20
10
1
8
5
226
6
-4
1
22
1
18
8
18
-7
5
4
-2
7
5
-38
2
-6
95
20
1
54
4
4
23
-45
18
9
19
19
9
13
16
3
31
33
-6
-6
25
18
2
18
4
3
4
2
1
2
15
-8
10
3
19
5
-21
38
191
207
6
-80
27
2
18
1
27
9
6
14
24
112
10
-27
12
-4
4
103
-10
17
16
-27
155
5
3
9
-18
-12
17
-9
16
5
7
7
8
16
4
-35
3
11
6
-1
7
8
6
13
-37
-42
107
7
20
10
-9
5
3
14
15
44
2
17
2
0
2
3
-105
20
3
-8
2
7
36
-16
5
6
23
0
21
8
-1
-2
10
20
9
22
33
3
8
6
2
6
16
7
-38
38
5
5
16
20
3
13
-11
12
15
1
-2
7
3
-2
0
11
-7
-2
-1
4
-2
3
-59
7
5
1
17
6
5
0
8
2
6
-4
43
-28
6
220
60
4
27
14
17
29
15
75
-392
30
11
26
11
-33
52
8
7
7
12
63
1
13
2
1
19
0
7
-5
11
10
7
13
2
-106
31
28
52
33
15
7
120
-2
263
-13
18
17
7
36
11
-1
12
2
11
-37
5
-18
1
2
27
-29
14
10
-5
14
9
-4
2
78
0
6
7
8
26
31
1
-13
-2
-12
3
106
5
7
-24
0
53
46
-4
-33
6
-77
-3
13
7
-26
-15
3
0
12
6
13
66
-2
2
3
4
99
3
4
6
10
3
4
5
-6
9
69
-1
29
9
-5
-1
1
51
8
-13
7
3
27
5
-15
-1
3
6
7
26
2
1
10
5
9
18
15
12
5
8
10
-5
1
7
4
12
-1
18
1
8
23
10
3
11
5
-46
71
30
22
10
4
12
-18
1
19
31
16
15
-2
-21
7
27
3
44
0
27
28
3
-13
17
18
2
8
3
6
9
12
4
20
6
-1
0
-53
16
39
14
95
-3
1
-7
3
0
7
9
8
14
3
1
9
3
10
-6
210
5
3
11
-9
-9
10
42
-5
-32
0
39
3
9
2
-2
7
4
2
5
35
16
47
20
4
4
1
1
-3
34
4
8
15
-3
26
-20
17
10
-2
-6
9
9
3
9
18
15
3
18
-16
15
6
1
9
5
24
9
0
-8
25
65
3
6
2
-3
2
45
7
1
-60
5
25
92
-2
2
14
2
9
19
2
24
14
1
8
-3
-10
9
7
15
28
50
25
24
33
24
7
-4
21
5
8
25
3
1
5
28
24
4
15
9
28
20
7
-7
8
2
87
68
19
6
13
11
6
271
58
-32
-7
21
9
6
0
5
26
27
-106
1
13
35
15
0
5
69
-3
-10
50
13
5
5
11
19
-6
-13
-13
-6
11
-4
9
-13
-19
45
5
7
8
21
2
5
-14
-20
8
8
-1
3
-3
23
7
8
-7
0
10
0
4
5
-3
-1
107
-16
15
6
40
2
6
34
33
19
2
18
17
8
1
9
214
167
110
66
-17
8
-3
20
-21
3
20
0
10
7
12
9
20
30
9
3
3
-3
1
-15
29
-40
23
-53
0
-28
8
9
19
-1
-3
-51
35
20
19
-18
1
0
66
9
13
0
10
17
11
5
3
-4
10
-14
3
-18
5
26
1
4
11
6
0
2
7
1
3
5
-7
2
-6
3
8
25
2
6
11
8
9
-3
3
20
-1
1
-2
6
32
10
47
-6
35
4
3
35
-25
35
4
5
-11
9
-18
7
26
15
45
32
23
6
4
7
9
0
-13
18
-3
37
6
5
-6
11
2
12
-2
19
30
1
60
1
14
21
19
26
1
2
67
6
7
-1
17
0
9
29
-2
15
5
9
139
37
126
10
194
-23
21
9
25
28
7
24
7
30
0
20
18
93
79
6
5
4
18
2
30
102
7
38
221
9
15
2
5
0
6
4
21
-1
22
-17
3
3
5
-67
4
16
8
5
191
15
175
22
0
14
9
7
0
-12
-4
36
41
18
11
79
20
0
3
17
178
12
-3
1
-33
8
64
-10
7
0
11
1
118
199
-5
1
6
13
1
-34
30
21
28
-4
8
-70
23
-25
28
6
1
7
1
8
2
8
9
4
18
4
-10
8
7
23
10
6
2
5
0
29
8
5
5
-1
-1
8
-2
7
-9
5
25
5
0
-44
8
-1
5
12
261
19
49
4
5
13
23
26
23
12
2
-10
-1
3
18
41
5
4
8
17
3
-2
9
20
18
4
14
4
3
29
37
11
8
33
0
-2
24
7
36
11
0
12
2
2
3
20
3
0
4
4
16
18
9
26
2
2
14
27
4
8
8
6
171
20
79
12
81
14
3
37
22
-16
64
3
10
40
196
-10
10
6
14
41
10
4
11
10
-14
-6
-5
-29
3
11
7
12
0
6
0
2
-1
4
9
6
-2
6
31
1
3
-19
-1
14
64
189
-3
0
3
12
2
6
5
8
9
13
14
-1
-10
6
8
2
15
-117
4
7
1
3
0
18
10
21
4
65
31
-2
109
9
1
16
-5
10
89
8
-18
12
-14
58
20
9
5
15
41
12
2
7
48
-3
11
4
67
55
69
-5
10
-35
3
21
69
3
16
9
45
-6
33
0
60
12
-1
97
5
28
5
5
9
-52
6
6
7
-19
3
19
2
13
19
0
5
-10
7
-5
-13
-1
7
9
80
-8
0
-27
7
53
4
10
3
0
115
1
-16
10
14
-1
-4
-19
7
65
7
11
25
22
2
-11
3
2
15
-8
3
22
-90
200
43
-63
20
-9
34
10
7
92
5
89
4
9
2
0
-18
4
7
9
12
38
11
5
11
185
8
5
17
10
2
46
8
9
71
30
8
9
6
112
-47
122
57
4
33
37
29
10
-21
69
50
13
5
2
6
3
7
50
12
2
8
1
12
10
5
19
14
15
27
39
19
43
115
-4
0
9
6
2
-8
11
22
9
1
1
-68
39
25
84
50
84
195
110
2
7
-94
62
16
34
7
2
-14
-24
85
-24
-10
2
15
7
-3
9
10
7
-48
7
-20
6
2
-57
0
-4
57
0
19
8
27
3
39
4
4
11
11
4
35
69
23
-85
42
2
6
9
11
1
-21
4
-20
8
-61
18
19
8
5
-29
-2
10
22
-6
16
-7
10
8
3
-1
13
-1
37
7
6
-1
-4
3
-6
32
17
-6
1
1
8
7
9
207
4
19
4
1
57
5
-6
9
-9
2
15
-7
-1
10
21
73
0
9
2
8
1
6
0
10
-6
5
15
98
24
-111
-2
12
5
24
-33
15
0
33
10
27
-6
-31
0
0
10
10
10
5
-65
-8
9
-40
23
12
108
23
2
276
3
17
22
4
12
22
3
-1
7
52
18
0
-1
9
4
0
9
2
17
7
-32
23
-2
-12
82
38
9
-1
12
5
10
12
4
546
7
6
-33
-1
4
17
12
11
-4
-31
144
19
-5
1
36
29
-4
9
18
54
12
6
13
33
4
-2
-5
2
-16
-4
12
-10
-19
2
-34
7
6
-1
33
23
3
13
29
24
27
8
-1
54
0
1
-34
3
12
125
3
9
39
54
24
20
24
15
-11
-57
9
20
2
-1
10
8
275
-2
11
8
1
17
11
13
15
10
43
13
45
2
8
82
1
13
7
5
278
26
8
8
8
5
5
9
12
-11
19
-7
-18
13
3
14
4
19
5
14
9
9
-2
6
36
9
-2
2
8
6
-7
1
4
-49
0
-18
322
4
5
13
0
48
-15
41
4
38
2
-22
-30
4
91
132
1
-23
99
17
-12
90
20
9
11
53
6
33
12
23
4
8
13
11
-10
43
77
194
138
3
-8
3
-34
9
-9
13
11
60
40
4
4
35
-8
33
2
17
10
14
17
9
1
21
29
-4
7
3
18
3
-2
3
4
4
14
0
119
2
4
9
110
28
20
145
0
5
8
39
-27
8
11
-7
28
1
-4
6
18
-31
-1
0
7
37
5
1
-9
-34
191
151
12
0
-8
6
3
351
26
41
-13
-21
39
-46
-32
87
27
3
7
72
16
-2
16
-13
24
-6
-9
18
8
0
106
5
4
-8
-32
21
-1
6
16
11
190
-6
8
0
0
68
0
12
5
4
20
-8
13
57
26
-7
37
0
-8
-3
8
51
41
46
12
31
2
33
2
29
13
5
5
0
4
144
11
17
53
20
7
70
2
18
81
9
9
4
26
-1
29
-17
7
1
18
0
4
4
2
1
3
14
-3
-1
10
10
10
-5
-5
26
-5
3
9
16
14
3
6
2
-19
3
2
1
40
1
9
28
23
4
5
15
1
2
31
6
-5
8
3
2
4
32
12
-4
3
19
-4
16
18
14
21
87
24
12
7
7
9
7
3
36
15
30
7
16
106
1
11
-2
12
9
8
107
191
11
51
2
-22
1
5
31
359
36
10
2
5
8
15
9
-3
-2
10
8
-7
6
36
99
13
5
18
-1
8
2
1
10
6
10
8
226
2
-2
5
3
21
24
2
10
33
7
7
11
19
220
4
51
0
50
27
3
11
7
3
42
5
6
9
9
43
30
0
2
90
134
-12
28
8
3
41
3
13
158
2
13
46
0
1
-10
2
4
12
2
10
-2
15
5
7
4
8
9
6
3
39
45
-1
9
10
16
52
2
120
11
28
8
-4
13
2
-3
14
2
18
1
11
38
16
29
-53
13
33
29
51
27
233
0
7
29
-5
3
-20
10
5
-2
3
105
0
-1
17
21
8
4
2
18
5
27
6
12
6
21
8
14
22
5
26
8
-1
20
0
5
-1
1
1
-4
32
2
19
12
8
9
-1
0
-41
-1
19
7
5
20
16
0
43
4
4
19
5
17
-8
-2
27
34
21
17
75
1
105
11
9
9
-10
2
52
3
10
1
22
3
3
-8
4
20
8
10
-7
-2
3
7
18
6
11
-19
9
10
44
8
65
7
-4
46
-2
6
6
12
35
8
0
8
9
-1
9
5
5
17
1
3
16
14
6
-71
29
78
42
4
8
3
2
-8
33
1
26
13
51
-9
25
5
3
-19
17
2
5
7
5
64
6
-2
-1
8
13
8
23
5
4
2
8
11
-81
32
32
10
9
12
10
34
13
1
39
5
-1
16
-9
-5
7
1
7
-26
-4
7
20
4
13
5
19
2
10
7
34
12
48
12
-5
6
5
-3
45
27
26
7
7
4
6
23
0
-10
8
-9
114
20
76
-28
-4
4
9
96
7
10
-15
59
2
2
46
27
-3
434
15
4
8
12
6
-9
18
34
9
72
10
9
3
46
9
36
2
-2
20
8
7
3
8
-18
34
-6
2
30
11
15
16
17
45
-10
43
36
38
-10
41
0
80
-11
10
-3
26
20
0
3
24
3
3
3
2
75
3
20
137
-7
6
93
7
-4
17
3
-3
8
22
20
5
-5
10
5
13
7
1
9
-3
4
1
15
2
27
-27
48
1
1
19
30
8
1
7
-5
-17
3
0
1
7
-4
12
22
-15
0
5
4
64
12
-19
6
27
-8
7
-31
25
4
439
3
-20
3
-7
38
7
23
44
4
19
13
8
37
48
-1
3
27
15
4
-9
-1
0
-21
-1
9
43
-1
9
0
2
13
11
1
-2
6
14
7
6
0
1
9
27
1
10
3
14
17
116
22
6
7
2
3
-3
66
7
3
7
16
-3
-3
28
-2
11
32
7
2
10
8
17
3
8
40
97
-1
-1
40
2
6
11
43
7
6
9
4
-8
11
14
2
317
2
3
2
-13
-14
84
6
27
6
14
2
-28
-2
-8
20
-2
7
10
5
1
2
17
14
6
9
3
12
7
115
3
10
5
3
14
252
-1
1
3
3
5
-3
63
0
9
-1
33
34
-21
6
-7
18
6
23
-13
14
1
-5
1
1
7
1
12
-2
7
-8
6
0
8
5
36
12
-7
12
0
5
6
3
10
3
1
8
6
2
0
-3
-4
-2
-6
14
-9
22
2
30
11
33
11
18
-29
26
16
1
2
2
26
-26
13
12
14
-4
11
1
4
-2
1
-2
6
-2
12
62
15
-3
16
7
5
47
-26
6
3
-2
43
-12
2
57
4
6
13
4
7
-17
2
-13
-4
11
17
4
3
15
5
4
67
4
17
-38
5
24
11
-8
-4
197
2
10
7
12
80
221
20
25
19
-21
15
18
5
105
13
2
-10
-10
8
-3
1
12
4
28
10
12
14
11
47
7
1
8
41
-6
41
1
-27
29
-2
10
89
27
4
3
3
0
8
7
6
10
11
7
1
3
3
10
6
5
11
7
5
5
43
3
3
25
25
50
31
14
3
20
20
1
5
34
46
14
-16
13
-7
0
4
4
